  -3.7725351e-02
  -6.4277516e-02
  -9.6591814e-02
  -1.3566360e-01
  -1.7649931e-01
  -2.2250411e-01
  -2.7102619e-01
  -3.2224104e-01
  -3.7562317e-01
  -4.2690027e-01
  -4.7984936e-01
  -5.3406964e-01
  -5.9006487e-01
  -6.4243945e-01
  -6.9693247e-01
  -7.4842408e-01
  -7.9952937e-01
  -8.4962149e-01
  -8.9918887e-01
  -9.4590911e-01
  -9.9168114e-01
  -1.0346710e+00
  -1.0761660e+00
  -1.1161166e+00
  -1.1527629e+00
  -1.1900513e+00
  -1.2233476e+00
  -1.2557814e+00
  -1.2861768e+00
  -1.3132163e+00
  -1.3387688e+00
  -1.3608252e+00
  -1.3814472e+00
  -1.4007131e+00
  -1.4170439e+00
  -1.4327752e+00
  -1.4429287e+00
  -1.4529064e+00
  -1.4618930e+00
  -1.4668241e+00
  -1.4703701e+00
  -1.4717481e+00
  -1.4707401e+00
  -1.4686387e+00
  -1.4634186e+00
  -1.4575324e+00
  -1.4517101e+00
  -1.4405509e+00
  -1.4291799e+00
  -1.4167653e+00
  -1.4028493e+00
  -1.3869927e+00
  -1.3694038e+00
  -1.3523134e+00
  -1.3320276e+00
  -1.3114556e+00
  -1.2881704e+00
  -1.2648738e+00
  -1.2413868e+00
  -1.2155213e+00
  -1.1887738e+00
  -1.1605689e+00
  -1.1323302e+00
  -1.1024581e+00
  -1.0710578e+00
  -1.0418463e+00
  -1.0103078e+00
  -9.7732725e-01
  -9.4367908e-01
  -9.0909805e-01
  -8.7552658e-01
  -8.4110330e-01
  -8.0428998e-01
  -7.6873811e-01
  -7.3212222e-01
  -6.9545182e-01
  -6.5860772e-01
  -6.2164824e-01
  -5.8336585e-01
  -5.4499225e-01
  -5.1038880e-01
  -4.7260989e-01
  -4.3573608e-01
  -3.9808694e-01
  -3.6332492e-01
  -3.2633366e-01
  -2.9017041e-01
  -2.5520212e-01
  -2.1914262e-01
  -1.8482733e-01
  -1.5009635e-01
  -1.1611860e-01
  -8.4099443e-02
  -5.0518541e-02
  -1.7978981e-02
   1.4706605e-02
   4.5672245e-02
   7.8270671e-02
   1.0914339e-01
   1.4010737e-01
   1.7122173e-01
   2.0186397e-01
   2.3108082e-01
   2.6347942e-01
   2.9305916e-01
   3.2160926e-01
   3.5173897e-01
   3.8192391e-01
   4.0878088e-01
   4.3894055e-01
   4.6713566e-01
   4.9508286e-01
   5.2539006e-01
   5.5165797e-01
   5.7935491e-01
   6.0828965e-01
   6.3646246e-01
   6.6290353e-01
   6.8802295e-01
   7.1543570e-01
   7.4178543e-01
   7.6650590e-01
   7.9111107e-01
   8.1536723e-01
   8.4077666e-01
   8.6517841e-01
   8.8904913e-01
   9.1091081e-01
   9.3326466e-01
   9.5447840e-01
   9.7539099e-01
   9.9617187e-01
   1.0167970e+00
   1.0353044e+00
   1.0547181e+00
   1.0730998e+00
   1.0892875e+00
   1.1042469e+00
   1.1219971e+00
   1.1367945e+00
   1.1504186e+00
   1.1650083e+00
   1.1796642e+00
   1.1903502e+00
   1.2007361e+00
   1.2132950e+00
   1.2253578e+00
   1.2346671e+00
   1.2425397e+00
   1.2521382e+00
   1.2593925e+00
   1.2679292e+00
   1.2748991e+00
   1.2812583e+00
   1.2866128e+00
   1.2916063e+00
   1.2947910e+00
   1.2992834e+00
   1.3025542e+00
   1.3061793e+00
   1.3078040e+00
   1.3092711e+00
   1.3117167e+00
   1.3118087e+00
   1.3133577e+00
   1.3123505e+00
   1.3120227e+00
   1.3113649e+00
   1.3094720e+00
   1.3066387e+00
   1.3039655e+00
   1.3025733e+00
   1.2992939e+00
   1.2954175e+00
   1.2913551e+00
   1.2857091e+00
   1.2822919e+00
   1.2768402e+00
   1.2721172e+00
   1.2659560e+00
   1.2595898e+00
   1.2553928e+00
   1.2467491e+00
   1.2411565e+00
   1.2340733e+00
   1.2259067e+00
   1.2193201e+00
   1.2113583e+00
   1.2023591e+00
   1.1928627e+00
   1.1855158e+00
   1.1755301e+00
   1.1662568e+00
   1.1573560e+00
   1.1475613e+00
   1.1375701e+00
   1.1278529e+00
   1.1184106e+00
   1.1081392e+00
   1.0965201e+00
   1.0874037e+00
   1.0780373e+00
   1.0653954e+00
   1.0527992e+00
   1.0425141e+00
   1.0298790e+00
   1.0194363e+00
   1.0061690e+00
   9.9554039e-01
   9.8342020e-01
   9.7019109e-01
   9.5927509e-01
   9.4601964e-01
   9.3584203e-01
   9.2180819e-01
   9.0785173e-01
   8.9621158e-01
   8.8164673e-01
   8.6865588e-01
   8.5655402e-01
   8.4248841e-01
   8.2726764e-01
   8.1477659e-01
   8.0008893e-01
   7.8762434e-01
   7.7341068e-01
   7.5840300e-01
   7.4434839e-01
   7.3247696e-01
   7.1752173e-01
   7.0222459e-01
   6.8742535e-01
   6.7340994e-01
   6.5978674e-01
   6.4587326e-01
   6.2899354e-01
   6.1613882e-01
   6.0107144e-01
   5.8681819e-01
   5.7242244e-01
   5.5747209e-01
   5.4218803e-01
   5.2832065e-01
   5.1163069e-01
   4.9741886e-01
   4.8320195e-01
   4.6761954e-01
   4.5218294e-01
   4.3472304e-01
   4.2144214e-01
   4.0544812e-01
   3.9093707e-01
   3.7665383e-01
   3.6293027e-01
   3.4836129e-01
   3.3388530e-01
   3.1746006e-01
   3.0308481e-01
   2.8831678e-01
   2.7579236e-01
   2.6027938e-01
   2.4648553e-01
   2.3295559e-01
   2.1870683e-01
   2.0470686e-01
   1.9136490e-01
   1.7814895e-01
   1.6472356e-01
   1.5236077e-01
   1.3952289e-01
   1.2577457e-01
   1.1437301e-01
   9.9987546e-02
   9.0160813e-02
   7.7563640e-02
   6.5201423e-02
   5.2758023e-02
   4.3023714e-02
   3.0034538e-02
   1.9906811e-02
   6.8898248e-03
  -4.1538941e-03
  -1.2470211e-02
  -2.3916533e-02
  -3.5158509e-02
  -4.4684827e-02
  -5.5531630e-02
  -6.4608966e-02
  -7.2900876e-02
  -8.4407445e-02
  -9.3554485e-02
  -1.0319254e-01
  -1.1051846e-01
  -1.1954881e-01
  -1.2989956e-01
  -1.3709940e-01
  -1.4438179e-01
  -1.5374396e-01
  -1.6170293e-01
  -1.6915901e-01
  -1.7608079e-01
  -1.8406695e-01
  -1.9112912e-01
  -1.9887419e-01
  -2.0434876e-01
  -2.1284549e-01
  -2.1818765e-01
  -2.2479881e-01
  -2.3219042e-01
  -2.3767600e-01
  -2.4376689e-01
  -2.4989467e-01
  -2.5623305e-01
  -2.6069992e-01
  -2.6634035e-01
  -2.7135184e-01
  -2.7590243e-01
  -2.8208069e-01
  -2.8677264e-01
  -2.9303657e-01
  -2.9661116e-01
  -3.0151482e-01
  -3.0462021e-01
  -3.1050967e-01
  -3.1374195e-01
  -3.1682812e-01
  -3.2156977e-01
  -3.2553063e-01
  -3.2672926e-01
  -3.3067241e-01
  -3.3470510e-01
  -3.3669310e-01
  -3.3973567e-01
  -3.4338169e-01
  -3.4430286e-01
  -3.4803224e-01
  -3.4959846e-01
  -3.5161395e-01
  -3.5421717e-01
  -3.5561526e-01
  -3.5787168e-01
  -3.6179497e-01
  -3.6341205e-01
  -3.6469471e-01
  -3.6494651e-01
  -3.6641485e-01
  -3.6880571e-01
  -3.6850622e-01
  -3.7005672e-01
  -3.7073440e-01
  -3.7264739e-01
  -3.7284763e-01
  -3.7351393e-01
  -3.7320172e-01
  -3.7266590e-01
  -3.7471028e-01
  -3.7382228e-01
  -3.7352559e-01
  -3.7311780e-01
  -3.7150198e-01
  -3.7192713e-01
  -3.7308678e-01
  -3.7160448e-01
  -3.7056521e-01
  -3.7041869e-01
  -3.6806703e-01
  -3.6811409e-01
  -3.6762475e-01
  -3.6523878e-01
  -3.6472922e-01
  -3.6319078e-01
  -3.6088218e-01
  -3.6045366e-01
  -3.5651331e-01
  -3.5552097e-01
  -3.5411844e-01
  -3.5213097e-01
  -3.4988899e-01
  -3.4809889e-01
  -3.4550409e-01
  -3.4356405e-01
  -3.4115811e-01
  -3.3924728e-01
  -3.3719846e-01
  -3.3476843e-01
  -3.3182900e-01
  -3.2816968e-01
  -3.2615865e-01
  -3.2249949e-01
  -3.2004980e-01
  -3.1710572e-01
  -3.1248746e-01
  -3.1115896e-01
  -3.0731397e-01
  -3.0477656e-01
  -3.0157328e-01
  -2.9773436e-01
  -2.9384949e-01
  -2.9047999e-01
  -2.8643339e-01
  -2.8338304e-01
  -2.8015693e-01
  -2.7647113e-01
  -2.7217724e-01
  -2.6912177e-01
  -2.6550085e-01
  -2.6098576e-01
  -2.5760654e-01
  -2.5447031e-01
  -2.4953890e-01
  -2.4598899e-01
  -2.4038016e-01
  -2.3742723e-01
  -2.3474608e-01
  -2.2963544e-01
  -2.2531455e-01
  -2.2104672e-01
  -2.1730295e-01
  -2.1170590e-01
  -2.0911215e-01
  -2.0458832e-01
  -2.0035778e-01
  -1.9603865e-01
  -1.8982463e-01
  -1.8748752e-01
  -1.8399732e-01
  -1.7880990e-01
  -1.7517737e-01
  -1.6980335e-01
  -1.6537035e-01
  -1.6137493e-01
  -1.5685082e-01
  -1.5300421e-01
  -1.4835776e-01
  -1.4324426e-01
  -1.3989526e-01
  -1.3366718e-01
  -1.3045172e-01
  -1.2576740e-01
  -1.2139277e-01
  -1.1786783e-01
  -1.1396889e-01
  -1.0837099e-01
  -1.0503338e-01
  -1.0021085e-01
  -9.8018374e-02
  -9.3414436e-02
  -8.8032670e-02
  -8.2692085e-02
  -8.0293707e-02
  -7.5071758e-02
  -6.9550079e-02
  -6.6119387e-02
  -6.2229227e-02
  -5.7940136e-02
  -5.4985687e-02
  -4.9936041e-02
  -4.6645922e-02
  -4.2102906e-02
  -3.8086764e-02
  -3.3903911e-02
  -3.0042474e-02
  -2.6320670e-02
  -2.2638539e-02
  -1.9124954e-02
  -1.5614039e-02
  -1.1792167e-02
  -7.2108671e-03
  -4.9306265e-03
  -4.5638608e-04
   3.6848365e-03
   6.5751723e-03
   8.8073590e-03
   1.5067224e-02
   1.7116851e-02
   2.0318991e-02
   2.4447472e-02
   2.5849703e-02
   2.9963809e-02
   3.3754193e-02
